388.0160735612372 399.0725179677714 326.17028085391917 175.0957106979571 42.96418030403381 
87.28439917223857 389.9537087021507 73.08651104091783 190.28224536992676 496.515864489149 
352.9270105252125 355.3514645985315 463.7487444332389 325.3162850444852 318.93612442626454 
239.88347455924597 198.95590059345164 132.19006737577905 29.264168281950933 258.9955053618448 
437.80389668651196 85.70391875302485 98.70824639542374 36.17651085382305 146.6486477296201 
401.39222359364237 356.91146348954595 156.9719896668592 212.5562067237821 61.16369965633816 
421.90306745897806 292.09245290955306 407.11701301151004 35.91227359336096 257.80006139501415 
355.95267390773336 132.27315699679235 357.0355717887108 93.62332923645272 108.84497901547473 
387.6115910279446 507.56387292953855 205.18130636127157 235.9498254814462 23.57657573446247 
228.6029145130039 186.9744518139405 61.386504435927904 470.05448160829224 461.7934258128634 
466.0736242636566 180.50733046711747 254.78397062502998 273.490693826378 434.92540604678794 
418.6383607430287 251.0447633771411 231.3672247156165 205.0375854222303 149.46978535547723 
219.07812454812958 329.14158002103767 108.49786746999372 131.29902066658366 330.6921045616865 
180.13665505239288 199.27899768469254 144.32982242293423 491.50477081758453 325.3703185473491 
131.2833798701261 337.23037218673267 400.2784998759598 126.88167727758398 415.080249452043 
316.1535234639221 409.7984112648473 341.9961566389451 180.28873340972783 134.4223212660946 
378.74816700951186 99.23224739820157 195.5596381513746 466.08396285971577 329.03621383315203 
121.55341138149399 23.109389666143056 371.5352873624488 348.02552448945426 167.6679701999793 
309.7589486514114 188.4228539066872 300.1201051663802 287.0801978515846 341.4311063216696 
206.02096052569317 37.16128444347204 109.59587715333151 113.05907672982411 406.2903542833536 
422.08692035689705 14.985201841727626 290.8596236692954 179.8211747927576 105.3067384949029 
153.50633272446072 68.92379817516135 49.86296732628425 118.24674768809989 412.9926648095366 
47.078483714534705 62.64490160576124 473.5160989541428 53.20695360761323 381.9716946992678 
127.18960244479976 86.14930073361637 353.1654134130257 88.33503775271843 212.8232924729 
455.37701079037663 242.1348575281598 492.37614352793116 437.58573134453025 171.3785376052777 
10.006138522989973 464.25450458599767 205.7429310595458 436.4691412513771 317.7468430104385 
181.5935159560807 177.60568103802422 415.1752926565809 353.63659961221293 300.9821874134789 
479.8572239290425 352.6509626153703 105.98778695771243 39.41938742714994 189.5930301147961 
25.88811808202312 348.055168028724 292.65382331745957 250.27583680094062 217.17456788748584 
55.83717436256618 42.3729863793134 102.8091566995869 24.252182675408786 104.47235525052722 
